794558237776281600
849579618075803680
848737340737978418
246972515442884619
692474442290561024
924193578991902750
741257736863613028
529994031745466389
863205057137606656
1024389958502449162
727431523787079731
872005171771768863
720995116113723483
642624233956179999
716367398743048243
769847230001446963
523983652200251393
829309416490008596
510026783194611722
794543843499311146
1054641701534318612
869816153483137074
1150391828881883237
720350757773377628
1080661677017669672
793074509858734110
272725444199972865
1136147020281823332
721406569803153510
718086368676544623
1148608699871531180
874955783857668166
902344113276473405
921660525279076373
771806793251684403
980988347944157244
873695824180297788
669817785932578826
418717983242715146
798221078349480006
772042478994980876
534675776486768640
658899873751629844
813741269951578192
1040154832218099742
797848759043358730
757855243080957953
614312628394917889
810030057967714315
548658974266753034
670479350465822732
515470125714112561
685451051910037512
763769611593711636
968749981055983675
835222958225489971
884110762530983936
336489223160856587
397325275332870154
881156093999468574
712478603211702353
889827241746378802
769474264276533270
778234844005793834
419487859482034183
769849647145287680
936793344833646613
1067836656822010018
937007401440264273
630005349360992256
533625117163388939
270614672422469633
850042359810097163
557891917573259284
1041315118249693206
814675864859836417
1024972178329964564
771565655266426900
469747763937017856
736484507238268980
413313839619112961
772409190391349268
868563158338535454
799553033401794584
1014283419464765563
660103180658540564
926395556513861693
794866361075499038
149105987951919104
594363865123520537
754511983826436128
989048895864733706
595724762920124417
769475677085761546
835867777918959646
389182248727085056
972445939375677510
688281087784255541
983142316040667216
998802331867041862
265958752581058560
778614146752184353
972467695335383190
340406989207240705
1154961971930746880
1114943600967569418
491118771893960715
666996650572775434
668159531116920872
952820705160994846
797843347695730759
958953510802694224
655484273087873024
1064442745042767953
697741498795556875
805993564533555250
353782520934039552
842729233519869966
912706953212465234
188840008629616640
468027864034574336
836874783118589972
664890050361819176
356623694400978946
805990345204039700
678883457623130122
1077179863036862574
1090643727032270941
560684608497123328
792411949341474836
794546418849153024
745161625505497158
600298235013103616
693303409285005363
781803256564154378
912655285598969856
257520409451298816
933050891437740144
736456931199287336
805785398458318860
819221838365589524
465719323156021280
837503843197648897
853948904307425311
301015011940237324
342296624997072896
781862390596632619
851123157116256306
864130893622804510
860223506699649034
746508605427286016
739239136593969223
1022814531027738634
734160591446605965
713739435640094823
774849951464161280
568976465887100928
832444824527306754
931789080906305537
815009122003976192
757942835495436321
694504733880352768
423733009414356992
860365531550318592
974227277573410816
829284562894716978
982245632175661076
973558924563333130
538421164129910805
646741587040272414
733568091203698698
773465019631140864
836049944582291486
967762904558469140
707885988701011980
1023546604520747089
851071121315201085
238274140778397696
700984607562006549
480714302240587791
1121102698721333360
942718137718169600
924261394315083776
756083398187155487
1126011716417884212
255786029426933760
522314832935125004
628962199041212462
697975267968155670
827778703609036851
882377850555084820
940226756781174855
606265661903077397
781897441796554753
1011631712364675092
989881709224931388
798528055042768922
789451066554581021
639427183231631360
794885055163138069
700581786207649833
1081782047053463625
715027788997984376
701797353916727467
924825829333164054
917355692577402921
722007258388758529
798541722375553026
873903033690521660
794893462720872488
604965035218960384
742254992575954965
443046971649949708
703234893311901717
865893693387309056
885444409003479041
805783744430342144
847164104161361921
1096262183454769218
1064106146429927524
892357627282063400
724747813925159072
877521071199383573
705773648430235689
1012080363536908349
743114849143488555
514685265407639556
642436722919079946
919582357026111520
655123504810819594
736226380332924928
843876813741883453
1011587928293658646
664068088450252820
736409675313971243
1084049700728086599
774989494025453599
851834871579934740
985341902066966528
796841354289872966
884110753840390165
709243565976584244
404188987603812363
724959903323783259
1119296886617157702
913341696069214249
1160384104391516281
738966234795868162
798535625845768202
533623939381854223
1141307217228861460
863382650181124106
793038931096240128
703129001132032040
889074527412305950
1065529681090199612
723803388545990699
285168717455949826
365925274988314635
798520898859565087
954887172476010507
702548707098361938
863307201951432705
790351056827449414
288002372679106560
794559060958511134
526871548255141889
794891116452511754
607417938823348234
677859490913189908
958477431147220993
916346578896302130
765224134845267969
917645893958774834
495235862838378496
1035274114178494535
807397597958242305
920639784450408478
383943235560538112
732473880089722922
880301230398787605
790136101405851658
798530806145613845
838753494587539496
895187018236170290
836584297611132938
596281789153280000
844258197925396511
798537706509566022
605347662161772574
988669503024021544
992693261871353936
726036007383859230
818625033118154772
661122933321760778
659661086152458250
761580903868137474
932509341376987166
1001040880792240238
186044570642022400
945279275349704755
696740845545586718
824917292377702420
836479947702403112
689945044253540386
430913257977675776
949529150388068382
282854004298350592
783970594164310016
988483555850072084
779557382769737729
756894129698373764
1123613782724317277
771458901043314718
940939092852637706
905863397642485840
198445666446344192
747231245020430379
963536933626212364
183169219586818048
1018443734762926171
1080468292348694558
778259727187836978
706763714593947669
615156144918233129
791834911601459230
595586622876155904
867629795403759627
396193279554748419
800189652479770686
483893068299370509
928304821142949928
836383463284277259
1156403557029908590
286206545006559243
828989820125708340
928133978999914647
769472681217097768
1099088943225503847
826266066271469589
214775671489036289
1074835591591641200
1092655010036338748
680384979187793959
776727953991139328
975009914734915614
727769444495130655
917227982446276648
833694805594734612
992434675870089326
351665432517804034
870100449850699797
794857981312761887
771564468190183466
989016223712968725
1073822712188911687
963738348659286067
346062583637213186
794586414385070090
927744801376448573
1143885617051217931
922144999183908905
517760720247455754
783558653303193601
785378022576488468
893469677072842762
720283452725002293
961780520369401906
819848314547732510
691119580600336414
797848251872968734
1074850605702578186
867441596605530113
666649061771968516
259081936977264640
1076600349084876922
959307178190176317
600611976024162304
586540084636024833
847737657958072320
845424223203491890
411764197517688832
701283279696953410
1135716771911958589
691311116357337169
794876989403430924
350990159103393792
793067152398614539
995648137010106389
760762495232114728
554212569540329473
1117652357136777216
769478965953691681
619800784267116544
1135512025108320297
812637387011260456
776431308758843464
901124429180981249
797311773416882196
903893701095485480
807190881488076811
926418717171142686
774816518553731074
932462651945132112
707090596308975616
461413731264364545
687306182045597731
892991200011911168
481662391273259019
777485137968627713
515822728276738049
437244854679109642
778238396459384842
847811519910903859
955717037777358868
892741010143207484
881499255032934410
884110746336776212
479388012363644929
506458714119602178
434390195631161344
762576423050674188
395107722883760129
794891621967593502
1139567579766206636
706365742886420551
945774862411124796
985064422257090651
627156941268975626
888751549977878528
1120563439803318312
700613760880214037
791213330416795668
771013941949104138
895580489816105021
435935206512525334
958254632306638868
980058814705446953
858723171212722238
637256543728959488
415484797968842753
651718086252298250
561005482190438420
267420758358097932
981853422678577202
769774223253307422
545341392260562987
470570524611706890
574594022652248064
805868680755150898
625157775865151508
622087515893006375
626395296712097812
1068058163330433075
450340215752753171
330652041087156224
755166063171207269
910953983420547103
533828966050562062
852540398282997811
1126028319486382080
294949721720750090
315439398978322433
935165225978712104
655264476701917206
1069168653381161040
767577303173038101
1122015528119193600
1163299375959781438
1087053195378958406
887718966762561536
733115741741645905
441130828525862943
916300992612540467
1122842513405919323
986977783311904798
686931554769174562
508998381084082176
1060586345212428319
1085433755507892294
776223036180529172
1128218952384925756
962561383155769374
773496115621920768
1120691528378110082
836680603713667074
716025155373236305
645581794267234315
900002236090974289
429845095601274893
405012755381485588
249097225215410176
888059124468838451
718642185335078932
553580871538442241
641164007692304386
441865412804870144
624970073706070096
740145918950768720
798515338110173216
386541390714241024
514349888620855318
389078959301853196
712171424605012041
538977817120079885
718890816235634789
722453664895074357
724977349350916216
524883730138136586
828610892437520404
1077160835765514352
97535544900202496
1127443614969118780
1150693871521648682
1090976599404445821
793719222516842546
572444014557659137
456706709298216962
924362322066145352
857577922109505536
894441689912074250
832609920745734174
417659421125115906
655635284423213072
1121737898413269062
800016855695228978
1011237211175407656
275041362968313857
979308769886490721
280121969666686976
794556415799721984
874132863556145222
978583753536446535
1154323718693191680
883703321024667679
876407335231320074
1038198275498577930
279916665389711361
793352330182918165
942235250594029639
733362077820911707
957486022537658469
751564705918877777
843714875094990858
720837597584293919
727801572272373801
1106942536737632316
698204829863903354
289652320851984384
797697574685507606
1044677633545339000
780275702620618763
691394745578029177
935638007648776222
991300314735067216
739237574438158366
781728092158689292
824232939646353479
769763373775847444
805994509934133279
804390219947180073
650633616661151744
910699724212957194
694007568195911691
802019234867183654
1126581367912808488
389394921938878465
918485468570615858
927346571211833425
1085527938029600858
715421900616237099
898666488658001960
479665383092256769
586365879395155988
586812786114560016
747011957160411206
337601104852549635
480168106711580696
304813373600825344
664811751858110485
825767938350252032
357581712881877004
566958368736935936
764748567843176449
794892926671913012
406827974432784414
849920527522070529
607184809982427157
746331583950356510
704621716776943636
406063970026520576
614305573827117066
778257685166424075
1139394473479127081
740468009671589898
843260025166102569
732941280249643028
771949393246158892
892049996118126644
1088352482486386819
618433449967091727
911191825161789480
650239472558145546
854648329459466291
932587349035061320
924041253098754068
485368961056243713
781894630521176084
717094409279111259
1149179044936548354
833882117033033768
851977337297305610
826622077615341569
855444789351809044
1018924512936472576
728298998250864764
782558533048205322
778220269540999178
785175440544235550
764350840407588886
848537850403618866
1073953700462219315
848186282555604992
887453218316115998
692422163931725894
801415901613260802
632163421168599050
871283098455793675
763758286142963712
1039892938236366908
493048147019563029
334975674068500480
1029670517818523669
778258478845788210
923055150032109680
478099397448826883
379273780708769793
754104651737202698
782635611370553377
694763499867471882
596947324031205394
847315632701308939
489375413987049473
514687440456253440
1110155090884558922
594792222973755392
642104529805901864
847831184507535441
690496840109391873
687686083894706186
627044039627243521
779271543515381770
655059475232718849
1080466923977977956
736177985773895760
794596334883045397
351905984999849998
1142625314091045036
845338622248747018
352201612028149760
867840103548452874
798519325703012412
549143892650360843
872453896512098365
718326005928034375
914554071690674238
1131096245562249306
698856074400366652
832148331496341535
795391344520331276
1081625978436071586
744667067222982796
636939586630713344
473854557214998550
1064509739859460178
936181143382937600
874851263689400320
768791423955763200
992806513326436473
615613363615039534
1114867412718846055
1139874358085558362
990904332566290462
794590580553678849
770241439405441034
542508147227623425
694728459683102760
1077335910670151720
1053809308476903494
497796103740194834
979635010023854080
730408540891512862
1062859114520256592
769206846476648468
1079560168246882344
798521836132237332
820481926938099712
794884224532348948
777830887474855948
783247272888107018
746239899446804590
1043956034521280522
781476697303285770
948229987121639484
838547878929629254
871234723580608522
849167478378201088
875424904651108443
607892751740043275
978939659868569611
134090702970683392
811703989351612487
797843907379593277
956735722629513297
1048917303183540325
867625860827840512
883238513439551508
935288562683899944
804257175597350922
820585639745159169
875605451943850045
962602927221006346
518554141681909787
794888712328708135
636005359953248287
704561931473780807
794591241240969216
1079487846550872074
861578097832362024
691298947326672926
692754629938643078
258958837732605952
875021523424018463
880027666273693716
736312602002587729
904669605392433152
911228583563898901
553939465996075020
651751232381255687
794892396747161610
687606042091061248
1142366267110600744
792322622050009128
846417196099829770
824264861735190588
720277028611555338
691226777808273418
811169951418941492
873007970303217704
1064406985136672918
877647175839014982
722818003523207258
1101413109639434260
570912363327389726
765851194777272332
967262489488261152
409027053107806209
776586205529636917
707399941772935179
1010428038053380187
848063380286734376
969460840006823947
451882563146088458
377782433409662977
506964193245659182
794596990893031424
945714714086891530
732513511007322143
790183779792191524
1058195437410066596
774282334266064896
535249668326817802
661088407522508840
826095680917078066
710367739612626976
931483441483108362
798527178417242152
510124623854305290
854655063792418826
873142047572365322
775021238791700490
911602058283581440
840233110293839872
892004820075024424
1014231506832601189
850232536781291542
796409641521250324
802867405881081857
950223708398682202
738394616851595317
107534637223411712
794598697866493972
705026852728864869
869476290233774120
637620780523454484
713361647590309918
805345248594100265
462433371868495892
794885859182116864
340502874872348684
1025942065294618686
765902146381807616
457157089899446272
1103606855600717874
771568449931575317
1033492935834091581
778259264301039617
398455024256155649
748829737777889300
831123393596096524
859693541302075403
535792505023627264
159482076247097344
563992507130576896
1066924119645507604
739805464837226498
771016204662997013
603569258739269643
523047146971332608
658416705965522948
952485030855340053
1010672850799186053
730385195383128106
1089510450636529747
802725983039782923
859523381417607228
936180870811893790
921386154945810462
775642141291970590
826836426707435551
789482383333392385
740612281481822258
973930302936317962
412492654182400001
827933751489069087
809052841037398107
558546507016699904
821379248471277608
666867759216459786
813374893835943937
886860269421223936
714455926970777602
951508623190814800
770969763588734976
294882584201003009
551023582155767832
535251464717598721
971523089550671953
881450164760485908
1076289810458755162
581597685031632911
831877904467886090
916257421989650472
797849476026990594
865510426959544352
276378638562230273
746291342434500628
972615948626452510
896630765402587136
1025293344219349003
879338816060669962
770695651318038579
557097002773643295
376634214512197655
811080700022489109
632070733459226634
371620725284536322
885502823679279164
1002907980414603404
984977841357750372
852695900840001547
1080110142076498030
794588677199364116
875891611660329020
705339989654765578
1096394224699715705
707757408352600155
987865980736786482
876792727331831808
415663796431093786
958200153532141598
1079500706500841522
314418316984713227
760097463838965762
880846561033224202
805094634355032114
641285898369237002
883236818273841172
865407729572642876
682164652196626471
744178191517876245
314925576890875904
699785835264081940
628938355161432075
658963876297048064
1017437225534890015
700552395536597025
752906554260324423
750611415701651546
710234416626139248
798533541708169226
714711578917863426
936811367019737169
858927085627113502
719557338939392092
1080893482098507796
688283419817541677
852210830845149224
869805632545513513
721211464056045578
806551090434015292
417224236860440577
798536303129264139
868449963825332235
827514575573876786
753580038091178024
669799520946618398
431500257512390679
843260944632250418
919924498923393064
1036764666887680091
541448622605336577
789903830526722049
794864624859611147
633506752083656715
703839254563913789
918481808633511937
689774338932736044
1033242703732936735
882614192367104090
818368926442192896
769482860511756308
1045668716777574461
943104968720797727
789097179755053066
673888881539547176
968376420315308042
1121131496439291976
878804617922740245
1012819341525397504
708906902079275118
1077098192056885279
764827949769162772
987448786114740314
979767539892621352
281664273015635978
753894581061419088
786258731368579132
815123334282870835
805991597954957332
884110959520665650
709325639034863667
639848498400985109
278350101498560533
910780427978039297
538324947869630465
787505444930977802
964393734047408138
541808772516020225
772405856846741514
1009313743362080779
797828782824095777
705049759290753035
829073752314740748
611842170118340621
654332856663015455
550342414817034242
1077344442928865331
884110774690254889
417869382564184075
990645543304851527
172002275412279296
450201510459211786
808348001796882523
1008062872737296494
1088381564318121994
446605745677402122
861905059553869844
540535046772097024
799316946248007740
794710500096344079
797846870860365825
958252550396727337
551636018600738827
738634059642830939
966694527605821482
851396717017956352
884110792830623765
1021071027008176251
926771711674822656
1026022892468711444
762267167759794176
618380124110323739
1065056891450962002
678413537592344620
1133344661176590387
450527598519386112
917361914579931198
520155577830211584
989776917228052480
825717095873904680
934116100646510672
920036636673323049
825360889342590988
919412549672382495
711467318013853718
844956838948765708
1133139839236198420
600594684787687425
771030203076968448
715322443627102298
706637789940416603
597365636611440641
949264542091837440
956371507653783562
780746960147709953
878834311036538900
1153763357367742526
830958231505469460
818835398473678848
774204126883741696
1028517342793191466
1096452271400833134
569030738775900162
755978737324916738
1028256300607475732
1074396433408598077
817982980789239829
798545747800752159
671755422947999755
749163564983517206
1080797521263214612
869829062376435723
715869930515595284
769470308012523531
1012807379982745612
363334888826339331
895399640193724416
1125788745736650866
426544691287425033
771400107487789076
752006214161793024
769209288707014694
1036220542736420884
697783476669120514
1083780032440311989
746576464819781694
1058670846203408474
494517233293459476
839501241188745247
825927524704845824
529954945789591563
837977544623652864
572407519230689280
773299506775064606
842707660041879582
769480216955322379
883949930182500382
328318745107759104
834403140098457622
219573656085331968
805986517096333332
1117176891720339619
559508177423433732
794544454606127105
884110774941941830
861519462183206921
782126749408165938
842743567222177792
873552527445086288
562958962543165440
296734881239793674
1103683667404013598
654884938696491010
402782247595540482
930826488352223312
794587375656894464
804243441298440204
463694149389123584
589906658197504021
554656816446046213
630425521712267270
763048079590424586
943024270940975114
798534317093027891
794886481134223370
554274296588009495
787277091036332075
884110740636721203
867450956555616286
670459099363934235
951929384447664219
884110772169490433
155707882271277057
724745429534900336
335983469400162307
648422672329474078
824219104243089408
874919119890300960
703048034589605958
780660033712291840
868037820130922496
884110764938518570
874664952483414088
884110770764415058
135593989742133248
1054021123597152286
503711537962156043
795254003717373952
867772040882946088
875280217915129887
934426955909066843
771027679544868905
326950793712238592
466945316776706048
709175442426429442
860568371183222814
210363493528895488
712788427426365590
1034371250727956542
684931500210520105
954191559790825503
865863728338698240
930803244509323284
1046406896183164959
699584678398787606
843011468152668170
936808529807933470
838415863677321236
993825362716917820
990648543628918866
898591671950934017
407142106633732097
798651628542492674
854613530547847218
817925722161152020
844489640274034719
272263722809163776
797998429581344778
825058577277255762
364007056249978883
1058275739495055370
706909426292097107
805989146367229982
186045342851137536
847377213427023892
860519783618445322
966355689796669441
743630152839200819
1078828653149946016
1007537225430483014
676991378110152705
204941406664392704
519952938249224223
772810855476625409
1028138796853760093
805988536414896208
322903431041908736
718719396142514197
809841195463213146
906168330312892416
770034806813097984
956804647065108530
422087909634736160
1106831637733462086
555753809834409987
304610247547289601
1074422570520154132
653119361770586113
732904252808232970
1079261555209818222
839960656496033832
252128902418268161
719872758447603782
805782798647427083
761409816416485396
671735423965462538
440704345688768513
854353738520330260
573649495158423578
963259130657800252
459712025699024926
400236299727929355
1080892728826662944
1018732797973766226
936721850589929483
936041854665912381
834740348491923456
744437636025942016
814132439458250772
760805962096312330
849769892537434132
625377120964837396
721285124590927945
850370254077296701
772106520720048149
305007559016841219
957018676207423568
743430664711307315
769208145795874876
1017784850574483547
548406730271490060
819911778179088394
671333807894429726
861145059235069992
274128152001904641
600135201812643840
1048580472944476181
312204585731227649
980458355338403842
987896845160316989
869147722844864512
315916196849647616
812224161203486760
736917438888673282
888777838218604554
968672791098441778
704696309692760226
782151682636775455
522745081564889089
559391733176205328
837793554092392449
852696187152236565
724257083062485042
562263322418872321
618754823604535297
931744665500282961
708279910283608144
623023085666435084
392779852589170690
927646652007858278
1119252340835356682
839875230038360084
495243104950026257
893001583674138624
824982404967301141
1147678911040344108
765664436840955904
572353145963806721
843143763559055380
1124963703675179048
1140258308406661191
839810899514097666
723879910082347109
801887540109639710
824652123542913034
868396768054874132
798544095626264607
683179904040173589
881475918181326868
776070622626971699
867537633630093392
925200721643712542
602603074246148139
994950788889710632
786257398402514954
1003369819019673693
920230610809794590
190513871386050560
813709538330279976
757881700146610237
706630635766415391
874587494870581249
736197996068470855
741566861904445448
499595147810701343
707082602292576286
295828515553804288
1164188903092277411
886603947622678548
797844761238306816
771023706180026400
544530514564874251
816836619734482984
954930129166020649
758342349695877159
514683499962302475
463624425955131402
727758755042689045
1073225196149948508
880491235347955713
655490655186976779
1130439376325853194
762247766625091615
966090248981467236
319993610751836169
785678905818218496
1103243330755768403
365862119889043457
842741342182440960
1137640417425367040
1063994904612700181
714843428927569921
866614119028097024
805988204422627358
600268963867525130
585206845698736141
908904942612385842
503913012948631562
853674962622742558
962757796405866558
832818746426130443
1107341222688854197
737355924879966338
635793776605921280
922822339664699443
979701520570392586
845671253255782411
556810095871262751
536446312082702347
867681476292116520
1143536375619133530
368343678986485761
451084879464103936
872371454338015263
517114425614794783
778162858327277589
781553416568438795
850721800928886786
857552120240930868
796980429742800916
686940754081480714
892314504015257600
972664540745592962
557539563325620224
843181007938256927
594405903285878785
760806988572786688
699794915844161616
683180423697662044
767578923898241034
738306438946095125
966661897900412938
886257605880713216
726082771268796437
949671105566756925
919258490093060096
856497186941960203
842352518180896809
1033611872034902097
835845886214668319
884110704389554228
773523864608571412
268153680786620416
943623429398102056
1129424339385725061
1147495960906305596
759354418058887170
980459722761195570
747582774441017456
651512248304664607
706899072187105423
380401066258202634
1160949935492059166
1158009431888498809
913795450006560798
870716757772480622
860890584515346433
757992219939438682
660500021682110467
933083279022755880
578801800333885450
869795080712618015
491304550225936390
279007993897680898
716485927001653610
487754135274258452
564354110711922699
886302628672327720
1053909045066596433
326637782032449536
654234711706566667
749258775080337488
878071753207873537
790585402372784139
924678351266914354
281825149471424513
724965563041972326
804688908649496586
676703311688368140
884110738271113256
592044869179146260
572551399263436800
945580532677345290
408600857165430785
874146240147914812
794599298519400508
762710009871597620
651046209456177182
759416852790509618
738674274948087839
492068063538315284
929612953911693352
632768667393720320
871527050685612042
925694533235253250
364201638430244865
736918443961352213
708042153154314290
386597016660213760
509748863448514560
697333379460366406
861926109683122186
1135152867733426306
733218120520433705
708450987458953257
952173338250334212
771031686913196033
779619044248256542
1116091413877239848
1136031948737888346
926836057868210176
965819639135359016
950298137338212402
909722265548107816
1106365692795703387
875746462942781471
551790574038941707
608606197393784853
978883932936372324
371998483542048769
625337600479330304
866247303606304808
1122194483912638474
813662693672222720
926807805531422730
1014269960459124878
778831226890616843
744211440512008285
864497676862881812
569153728016285696
713375617998913636
837591887820095499
940240546188918865
738790275828154394
777907478967877642
558291996893249537
1083519262372675765
673325462906339329
322306866438995969
1144734225564708954
813419066454310913
614178415964323859
623504859823603722
794589822185504789
683494046878138368
979134538133418034
619074638038695936
773167208431353865
771015082892066817
886216180614975508
653513005572554762
137050317803094016
805077744589209621
1009730745406865429
1087463693492686908
792732838306512896
867408735491850240
671669683266650123
721546801743790110
758658803331104798
773009523869745183
1113778834798563410
765042484912586753
850640359079149579
884110736870240326
511603574808248350
733795627292557352
1014550913710567614
769473467623145472
1029362026323124315
970744323803086899
1029751781246382160
719517542665682968
776993618585321472
777556026563231744
732205490787975198
568968938118184963
227064369039671296
769892226318729256
813044189733322762
846020310251470911
552257443867131915
466947144704851968
854045301136424990
1083746936059859085
876441158207827978
828615727456059402
961830325070200914
733778222671724604
951758393289367573
415062217596076033
1050764586896334858
810098474774691860
603053885388619796
836983506827476992
1005116007909703743
1141262511681835018
652822144366936064
620164192552484864
821910031523250186
911710806352216064
1006371382596210828
955603083898007562
778257116741500939
924341166550417498
1075469796180762716
341527111867039756
765919936475824159
664497235882672152
656903898207879168
973443070945267772
771570290450497556
500918539293556736
838035485787029515
919835224311992371
1128650427928432714
721540165809602573
1067484829689585695
709581461665218611
736792341427257374
736191509283602493
954018815941967922
760007393882144798
736237703930314856
520255889975017474
701228601881919568
860578455292477470
708862674028724315
1026204897013682206
878331780116131941
392809797868716032
739384825558859807
655000701281239041
861240934351503380
858610167921508363
605028619185815555
777680372343373845
941674627913113641
855202072735383632
710278232989237279
419829375257804801
742653393453056061
966356273358585906
807945360025583626
234574062213398528
1127108371884023828
925816384594772029
767580206545764413
1104345973976748102
891386281760788542
495491740518711311
956214527702220820
798542273247707167
822068942905671680
733275374930100225
611202297317556224
700909424180723742
732571108171186256
937240471456079933
1027824511409733662
970393612342943914
1126080992998858794
562987075326967809
915229496234364999
885672517929418784
731564867584262145
763693287387168769
1067584341334564864
526620171658330112
755115799005626378
716261432420728833
1067271064402534411
581824771839361025
1081227708886950038
1111657575935660052
869376163217305640
838023469781221396
736975937144356919
923495553415925781
856314818477686794
1142621979732627486
572402367455166474
992112991988371528
707730822693650514
827218121668558848
1086352742345359402
946056366454374450
953625066208362536
530165786623606814
815124239278538753
1105757165068759101
970212254245060619
709397443489431604
919202198414557195
843471960969183272
992577206163349685
1137477520028074107
794595797822865431
1075450292113510411
806490762602217495
1120261619180646451
883333519231832117
760837540197826570
816932135554383872
799188855042605076
378812556967411712
122573816462311424
614522900703215626
1109056597663166484
563015118414413844
1017762568179306547
802385351238484028
1029511878331879475
817056643077767218
883235205199044638
777236811305975809
352471144026341377
883234833881514034
1001287647165153362
291303812516544524
450200860535029770
453871654825885710
732504466632343573
741284667591884842
848303515285454871
865852905222569994
1119793473311228006
1128524571222495376
874954523536408608
824225510564429894
709349998659239966
794889926193446923
967504824356704296
881819876623273995
331339247409954817
736246829892763688
805782115081781289
1073265263098724412
862968988091023360
873957615737126962
712345393161306153
728176973121323088
927475678906056804
778256038633799681
884110740540256357
1153566630564069428
758008184714821755
657635631383576596
898506123424972840
764890438104252457
842700560393961516
903541413298450462
736165345714372658
738746689732608001
736189248763330580
883178721589227530
1087656694517071902
546372927092949013
981740833382469642
638043516261367808
788633307726348289
798532279910531092
838978673972871188
586838761661267980
934052099443027989
721426895844933743
866658127452962866
806530954214506537
883237189310361620
1166186827913363541
274995916644286465
1149916973455659058
386162092576604161
761562078095867916
408972547619815434
884563240795914250
696584908558303284
794474886742540298
893557806525984790
794597515252858882
693803957520302121
704115683151315055
975978332493602817
1043581397090177135
641332331700813844
988977917755285534
200345513575317505
794593131210473512
701293991580270613
919771063947243570
805875042726051880
849850335027265576
361141690007945225
794822922074193940
896165396577681488
828572476370976818
499230750038687755
678251415940104213
761858603559813170
774220438137864212
761867661062701057
675845905319985152
625259969092124672
508358324891287563
218286683269890048
741863070011490387
777485758864818176
547722474587160597
693776947985121290
797722515614334977
701037023535824916
760770746649149480
706820041185820744
918353619995201547
978625462446202920
778256656089088022
798538733515046932
769476640471252994
747371552173195334
1065730511961591968
203736217911689226
924654768968835073
658199110658031627
901905437635534918
958230809804959754
783614176118571018
872088592690855956
1079969037850783804
842394645849178183
817672384097943552
706464323790176326
579652995218800650
1151701770586820688
879993889430339746
1165275887692943375
1050204467515113524
1061617799866351617
1031394953928122440
909710059318149141
806775772752642048
915248596675362877
717735403062427651
931765435236483102
597798095576891422
1046700635719999548
666042270067195915
852702555992621147
677480008226439188
957689568197480448
859434971767898142
764741162404675585
292953664492929025
779301621469151245
1148146379403825162
865875123252494386
1008725355122663434
957054244228329542
741990140624240682
709393947201372181
740003870935220325
842022014171480104
780356362957619200
859317133347782687
678195141042765866
960861418461220874
378511261199106048
715438126595833868
736169902414626816
673323172489199628
1103969109823213619
808258740859174933
910098253385695232
413335391165480961
1160966633158877255
966870248164843560
749546230073262121
901039105419395102
949245682315829288
730678315643568151
1049556711180091402
808042057095970867
425484154914734102
716562088276918332
880946481002061845
769210688752582657
884152816942350399
897720946922766376
875279018767810580
901083433185456128
973195764224380978
868553862628409374
820926418883706920
794886983808843777
303656040556134400
794859311184216074
406279029432385557
800944877273088020
798895520348241920
1075806917575847976
849024366037827605
678082437124718592
771566615430692895
828167911792181298
1015107488489672776
1169983941797744684
622786131246710795
662708965326585857
1093453008978853939
798524103233241108
735121094960480347
931178442299408384
771022044905078825
869155999460753429
769944062005346324
763254415679029279
621288257510047744
785967937173061672
614003931856502785
552761979153022988
880613172933984327
317276723555336192
968339727252070461
791647100613165096
1091681128332656640
751961750479568997
741518849450573827
1142684962118717480
1039529712617267260
839691994254802954
676791405406060544
797842803740770374
817775341941686292
805693783940792341
485455161146474516
416426473491267595
572170538596958208
782926534193315872
918144914229977139
996794289348677673
890664737333968917
777090484131856424
1141243780599644290
798529363695108097
907668900152500224
643012479324127252
758170581496496159
702611478028615690
794588034309816330
864884082956304384
922903928138514464
1073393195213406279
577261790165991452
709099747398516809
556847176517550090
878637590675329084
628568642061205504
794865255728676885
440820240033513493
782410815659573298
721235601227120650
891645820292694057
443967461524766720
1024564496309698610
1050688393102774302
302050872383242240
801828752598106142
1124686151928786944
769848940450676757
804328787609124874
805369554003689532
942412482557935656
798534984905523212
797847434474029087
873401324136435764
753608341556690996
960860439544221757
614084124616949781
884110775495561258
711476534510092359
651907222749708314
567314891690737684
855628376159813642
1071606318714073188
1065747765952516166
888361999405314059
776042089246228530
654249709019332639
850209892841422859
798531501599621140
825270458035208253
584301935226519572
604297959324254209
226136915286556672
794545749488041984
540237647558213657
988923021022625883
891878432164679731
1094405924346679366
667334231470374941
631159438337900575
775710508438519838
713675594302357557
848031845689851905
715493081247383552
993053795384832030
1060771015162069132
927497325167915028
1161930729295446077
809948176223567892
832463355809759252
769844440638291968
705784739486892112
751361958137167893
262633461741912084
356144980026195971
393376234157113345
1145930114782203954
437293366825451540
604285557983543296
860050466083700746
858374691855925248
891459852050759680
771028996367581194
348757225914892290
715892063216074812
529154064710238221
1093986129830744214
1121082916471062741
973661515783745636
1119912638550376508
867885748996276265
828317207271309342
445228653819854868
1066505594426626159
689939192045633591
221541951642664960
930201784276877312
736438388714111038
820439658033971271
868556081532665876
966248494170009731
324979386526990346
701750362733936701
658560932909416448
1074829330322038804
270371564942393355
963760806426730527
767660476825337858
811977788751085578
687046167099736179
754329979994636340
1160616833926316182
943789253970780201
884110777039089766
302823664712286209
211976407134240779
440503580923920384
1109098126595346502
608484075069767682
666261823401754655
1133398498449051738
794585812544258060
1006402026881687562
805990932632830022
805039993504399411
885130453986709544
854571240278065162
759286230801448971
782256482896838657
479954279583711247
772208660432683018
814562698783227984
673863939863609354
414251956559937541
675677551280128043
923650382511616031
923494967756853318
1023599602668154972
635873047848419368
1141277994791481344
744501908676411442
773659753921642527
924690869448216626
974878061512253481
805442463116427305
759557646990180392
1094054282849947648
1021055352990597242
968846807767613451
883849711872770088
708494578419761196
449712614583566367
1075059690750349372
955724549738082344
927610567273893888
1084933800578007050
781834769372938240
1100333733858512926
809227433327984640
304634345149169664
740506758782648433
718862286969896971
988630103707762768
798523202484568094
839840083372933121
567692648094367765
341222886352093184
1021003838871842866
1064704862199222413
698862680202674188
623486164648853506
818029051691139112
935412805052551228
584577986812968991
289092387169632257
598769331152748545
774469191910555649
792167569813274676
430324503755620372
931801662916526101
438672239320104983
1094677563709849650
794890525009903637
926736747713417257
668775675880144896
979528657800396810
740920070665928745
1168400618398961686
937279152317411348
1134459832779427960
852934121835855913
761553593371066399
933653659248623616
822073821175349289
1002554460553363517
794542566623281162
399136110787297280
869635916065570876
614788623702818816
722030817941127171
632210770418991144
771025200258744351
701763803183972392
810437600761872415
750638442106585108
791552334605451274
460867985549164544
985326800999686174
794555695969468467
701780305303961600
973208162805096448
302693047622434828
938020450305470486
798544860863791126
885506178573041684
985516068619567165
620202334001299456
1077999808280793168
836303841304510496
967157231906865182
927927516004511804
986582583880069140
769481533685628928
889202249786593320
574585456315072532
375342183256948758
586886261223194630
551669956257906705
614786085284872202
1080471667316367403
718856297000337499
1015878130755452958
553166173940744193
1044804169808216084
762955023033827328
307510289891328000
636198306921578549
1089858282006523985
652687924894367754
1095779629316460646
797845605384585233
794555135702990868
456352256866910209
747397105433444412
987097392098705418
710616184898191382
718066357882585099
375960781189021698
267028193733640203
901435793703313419
826429621267857428
534589798267224065
514685824244121612
381425357238042624
807541299535675413
887986350199013406
293357047611916288
852696606212882432
569841982894112773
863960319613468692
771569487899000855
1162380265340018761
836893656304451624
822646678590980158
369166764732448778
749450884341039174
486598197683290117
742326199388209234
235148962103951360
1056588470556045424
659357068440109056
862396592036249600
392521102133428244
738619359437520906
714407368644886559
769848450657157130
933788895513022514
477643331615195136
335125110145155084
1141548596202844181
778605732042899496
926127772835930132
386423741212786698
998361383651520655
863624914056773674
819444907344265277
844548720937795656
178701746384797705
487889556759379978
591889695949193217
1064592983636320416
591246499296313356
769214914769584219
705288097302315019
746042509519749274
905453892651847690
272194785211842571
1106208688009662564
884841446400749608
804974356639383565
809695161584058398
905013526966435840
777024381310205982
308186980624236545
888441079312031784
705202272296108102
739184816938942524
1030160495380017162
760866871628005407
391513393640505345
625708329364357160
705016566651027477
683924044109578379
818794728107409408
936809790598967336
749254555304460348
1104607898639806556
1011125628185096213
899580205528678420
884110741173571604
751713264764977163
593235037907058709
827216042723639427
767298997940518933
994365239493677066
705667840497287170
256780325768790016
536487951484321802
886574088582209587
771396269833715745
658278145106903098
312120761383124992
1074849091198144592
798526156617023499
1076544139568615485
779786725018435614
1068515109162450984
1037684707531427900
388427074081128471
1074849453946712064
683178021683068956
973763017009422346
1018860911714377788
575802003679084555
1153699316137992242
972828575248052266
640542864333340682
1085557783631495268
948519599878598676
972702922028773416
572034785283801089
655097430622076950
695305689253544067
568397334292070400
851816658138169364
999346996508905482
919891103929470998
1000790829180395680
941323096072282112
791265741260980244
699487994519748638
914840949883027456
1164205601224675368
473471014441975821
783209074225315880
944241110887325796
821172695647518741
953649414503813120
1022441426174345246
896624454816395304
986111361459306516
868482688380731423
1030568954990698516
958393890300383272
862670605601865729
846668193367195648
790306609284382750
1092455406409887785
608133571265167392
987267147849957407
820267627099848734
824363264652869713
806430516005175306
1052591032002412677
917723950027509800
872861043435655179
1160865647920693250
250238400127434752
432186046218895390
314762206157996032
495939690441211905
852066051030384660
765254398314020864
440164565854978078
873617098876813352
1061547286821343323
494244221499211786
1063397033458806806
1012539272559083601
323104801946599426
769847930324254720
919306982811402240
736815367866941492
670423893726593024
889031722472198154
1009864777855684628
873904655569141781
770735913159491634
365520698090979340
1129371644507463753
820636060781641778
924679330993418251
984270642037809162
817398544654008330
159985870458322944
645677727499812884
753978881014366342
668059050315087912
916376799397691402
632652240104194048
623506646660022308
475001602793537557
886019087061360680
1116146605058437160
1040570079252844544
881853648831913994
822967532792053762
666644162501935109
745055732981956710
1161087924222304278
1099594138036473888
713376857608945684
795890810293846096
566639104020709407
938078501070864395
884758729600417792
520349234877300746
859535967680331828
766697560231641088
932321930399346769
1027804939633827861
413565088050577418
773982380813320244
658936066837053441
724026279376060516
774500669364895785
1148977491655000084
502559891911868417
1094113949865222184
1142123880417349743
959999570329362453
596259475204079616
794858555487551508
702273841304567921
780752046092582973
494186473025699840
927570693309206581
235088799074484224
841942348858654730
822465467397701712
927579109121458176
769173023781158942
512581218609528832
247271545234259968
622356881826119690
715569664033292320
673419040340967434
338588768262946819
888263191782645800
309577141484519424
827278793567764531
794557395056721962
288922266782269441
831523254580543538
823147202595651585
796076875973787768
788663406608515094
861539488115458101
261986490748239876
1065788495370665994
138484764188344321
711943214000504855
1147675847214510130
933343957394538496
872357993507856434
1069026726606291034
789636030541725727
938813773022629969
720241890662023268
546891044520722442
528794708986560513
936810617262719027
1085544107264458913
925265449422311465
654691920437837826
673483153112825866
946124491606618142
1117023336497696818
762493915348729858
1006093467983822848
956948967764156526
873540253472927766
749641532209889301
684337209859637282
571213692608315392
940007799369388042
667259549949886484
1089448175317831691
1072334992673361941
561801538989850624
730776921276809266
792977018060931092
798532849720360961
737939034231537664
794598171627487232
980835930837508166
349010509086851072
736919720162230322
993130910784438372
1130161875909365771
669801514344251393
884110769418014721
1012251813107482696
539370917378129921
1000921608665448488
397831154503516170
769205688823840769
154523131640414208
351736691230375936
820305788131475466
776112386196897813
690754211075588146
888973900246048808
1134134354839343225
903331925421334538
755527552696582195
805992125594337351
774412699365802024
589175040839385090
133369415495450625
627397331691765771
420851519118770177
560418603258871818
929318831426519081
700956486876004362
818073377214300171
495156811742052354
769846553027936257
419466365921919007
794865778750521426
750075598260666448
975496690352132166
955763467107860480
1083721939769634887
794889246266884127
1169597671913308201
794888123725119498
770977007924019210
668990318569455616
759431232760184842
597297907108151327
707573506908356649
1118536332612997260
1127078841395978341
853633801946529832
499932020151943171
597768429390397465
874970026472513576
973629274609319976
699250382483882066
869882422123184148
798522609910153228
787715270398836826
681134359755227154
771019893134590012
648065426198102026
160708577567309824
843834513879859220
974305990914740264
768034173260529695
990653867404439612
324725561211486209
863753896631468052
798543152523903018
856498877745463296
769842165840347146
1080463016061046784
697086609610244196
771018450691686451
829020895912788008
439205512425504771
1080186511133249576
660481434217349130
850436334438449213
837978312323235840
748459928917639268
842245163262017577
661124374874554388
859667099378778115
758218486819979294
796353031444365333
740168825705857045
1088703440328347698
789852930328231938
388321835907022848
755430099398033437
815176224644399104
1046317960282787840
777482469104549908
1023206094451003492
661281456626204713
287414544588996618
842018950262947875
906115545160617984
802166194211782666
964381618905165825
519774322295046152
338779308564807680
441865412804870144
1080661677017669672
441865412804870144
1080661677017669672